18 123
17 12
4 5
17 13
17 11
18 6
14 6
11 16
8 7
3 11
10 7
10 9
16 18
13 1
14 7
2 15
6 2
8 17
3 15
17 7
15 9
8 18
4 10
8 15
3 14
13 18
9 12
9 8
15 6
5 7
7 12
15 4
6 5
16 7
12 10
15 17
12 14
2 18
3 13
4 18
13 11
14 17
8 3
4 1
15 11
12 15
17 18
8 13
18 12
5 12
1 12
6 16
4 16
4 2
3 5
3 6
3 16
4 13
18 1
17 5
11 6
8 11
14 16
3 1
3 7
15 7
12 4
3 12
16 5
4 7
7 18
14 4
8 10
11 18
12 6
17 9
1 2
13 7
11 7
15 13
13 16
7 1
3 4
6 17
2 8
9 2
5 10
10 15
15 18
3 17
11 1
14 18
15 5
8 1
9 4
15 1
4 11
2 17
4 17
15 16
11 5
8 4
14 13
11 2
1 6
2 12
17 1
13 10
13 5
17 16
8 6
2 16
3 18
14 1
6 7
9 13
5 2
8 14
14 11
8 16
7 9
9 1
16 1
15 14
